# Created by Octave 4.2.1, Sun Dec 17 12:38:59 2017 GMT <unknown@unknown>
# name: y
# type: matrix
# rows: 100
# columns: 1
 0
 0
 0
 1
 1
 0
 1
 1
 1
 1
 0
 0
 1
 1
 0
 1
 1
 0
 1
 1
 0
 1
 0
 0
 1
 1
 1
 0
 0
 0
 1
 1
 0
 1
 0
 0
 0
 1
 0
 0
 1
 0
 1
 0
 0
 0
 1
 1
 1
 1
 1
 1
 1
 0
 0
 0
 1
 0
 1
 1
 1
 0
 0
 0
 0
 0
 1
 0
 1
 1
 0
 1
 1
 1
 1
 1
 1
 1
 0
 0
 1
 1
 1
 1
 1
 1
 0
 1
 1
 0
 1
 1
 0
 1
 1
 1
 1
 1
 1
 1


